[0,0.1125,0,0,0.1125,],
[0.1125,0.1125,0,0,0,],
[0,0,0,0,0.1125,],
[0,0,0,0,0.1125,],
[0.1125,0.1125,0.1,0.1125,0.1125],

[0.425,0.425,0.4,0.3375,0.3125],
[0.4,0.4125,0.425,0.4125,0.4125],
[0.4125,0.4125,0.3125,0.4125,0.4625],
[0.3375,0.3125,0.3625,0.4125,0.4125],
[0.4125,0.4125,0.425,0.425,0.4125],

[0.6375,0.6875,0.6875,0.7375,1.275],
[0.6,0.7,0.6875,0.6875,0.75],
[0.675,0.6875,0.7,0.775,1.225],
[0.6875,0.6875,0.6875,0.6875,0.7125],
[2,0.6875,0.6875,0.8,0.825],

[0.8625,1.0625,1.0125,0.75,0.9],
[0.825,0.475,1.0,1.0,0.8625],
[0.8625,1.075,0.9875,0.825,0.7875],
[0.8625,0.825,0.6875,0.825,0.825],
[0.475,1.0125,0.65,0.65,0.8],

[0],[0],[0],[0],[0],
[1],[1],[1],[1],[1],
[2],[2],[2],[2],[2],
[3],[3],[3],[3],[3]